2.776159253846544051e-01
5.390293493771126654e-01
1.739813191443586371e+00
2.922971823846564288e+00
2.272172250011122774e+00
1.716201018176211901e-01
-7.857858336183569381e-02
5.744305285316104737e-01
5.487037652807225108e-01
7.005692115750999927e-02
6.839943475344424650e-04
9.285906840834855756e-04
2.835896472980558658e-04
2.609191232009132680e-03
4.218900201581098422e-04
1.142932214677022185e-03
2.313697369686725219e-03
3.272213619840695208e-03
1.103151766127958514e-03
8.464045542996177438e-04
-1.510465647826885784e-03
-1.041756396948101578e-03
-1.891400960290275796e-02
-8.446254779370021906e-03
-4.662633600680086629e-03
1.967980916440180764e-02
6.555157121731012247e-03
4.657950744853246033e-03
-1.353743448225328948e-03
-1.601558806272400295e-03
-1.900704838006823678e-03
-7.341453181832892447e-04
1.693307984944941377e-04
-7.964282687085628455e-05
2.570433115223054547e-05
-3.235600359215396946e-04
-3.249947360879524606e-03
-4.559645519323049815e-04
6.769665047219041408e-03
9.419444780748681108e-04
-3.631491459809512660e-03
-4.053148131031432573e-03
1.125679294272005724e-03
-4.655790896829476062e-03
-7.764469826868896241e-04
-2.257418636079025140e-03
6.921320356672527353e-03
1.591482698518118313e-03
-2.492670152183646196e-02
-3.443030763052453824e-03
9.030503066360122313e-04
9.041933798473802963e-04
-7.844994341347207110e-04
7.715380723975541824e-03
1.061215359930265181e-03
1.788031732165267255e-03
7.457714861772989610e-03
-6.451884774091897531e-04
3.130758578714492322e-05
-8.914934023446128512e-04
2.085766589679093497e-04
8.378157590541843083e-04
-1.549959178279851010e-03
3.502535189799067805e-02
-2.371746502226655326e-03
-2.745998843874314539e-03
-2.879849086342250054e-03
-4.464130121473890156e-03
2.502787958017545743e-03
-6.720332759834298647e-03
5.483762883133636197e-03
-4.157875492910393387e-04
2.165277555444890560e-04
-1.448010350533257377e-03
2.840070709565100022e-04
7.784137960626900943e-04
-1.154234644558092522e-03
-2.714239497480469381e-04
1.306848496223773004e-03
-3.650397608146735765e-04
-2.116683286414286665e-04
2.162656188146376730e-03
7.697991928919660108e-04
1.203024356470743650e-05
-2.805700293248081581e-04
2.255688932561410577e-05
3.436957023750582263e-03
2.836430276270576322e-03
-1.825357036867088917e-05
-9.389821968648336689e-04
5.698402389973662718e-03
1.261706432870904511e-03
8.895308616393235055e-04
4.147066733830421809e-04
-1.531410673570070572e-03
-1.871511730725710157e-05
-4.156974128035097193e-04
-2.913823346814482795e-03
4.116508674598560666e-04
4.129932210085896925e-04
6.860056124563989124e-04
9.770076270538019005e-04
-6.292788082807412083e-04
8.849314086486622603e-04
6.353344165585907751e-05
-7.255233896605173391e-04
1.372578867243092748e-01
3.512964737087250211e-01
1.140637965224073458e+00
1.835859800948716813e+00
2.169961220302480509e+00
6.422472406634439634e-01
-2.311963937273431025e-01
4.328472319250801781e-01
3.256118089158456241e-01
5.952673680436319781e-02
1.820944250202993211e-03
-9.000447709806277735e-04
2.964818050434702779e-04
-4.345398463281561000e-03
2.233263971233985686e-03
-9.992121747686101476e-04
5.506341614453244028e-03
-2.553045733696656695e-03
7.758725856464125919e-04
-9.317427408870372976e-03
4.381177278041361624e-03
-1.761602777047437812e-03
1.308663389381769376e-02
-6.244063535003238977e-03
3.066168397976121000e-03
-7.168660005970729429e-03
3.125932678467191819e-03
-1.153743430313727836e-03
1.072598610429918980e-03
-3.577666957095707121e-04
2.841183251652121180e-04
-1.722397441457399793e-03
6.299989491500971629e-05
-2.112558721943279738e-04
-6.907458895196325814e-05
1.249164417962122034e-03
1.398186967114462345e-03
-4.715149100511593482e-04
-2.015581289407508605e-03
-5.595259150692419992e-05
3.297270499932962147e-04
-7.562336931447612848e-03
2.714279231295374669e-04
-1.608977235144749135e-02
1.619485638908837229e-03
5.697676255695283132e-03
3.062164958562934788e-03
-4.548036699337816292e-05
-1.140442384044909434e-02
8.674233685119638699e-04
-9.053917615180723071e-04
5.865334291087981669e-04
-6.181035822915995146e-05
5.603710808984273262e-05
6.434110871011145525e-05
-1.125404820093129678e-03
-1.899215874135157245e-02
-1.471557280688283236e-03
8.170877626746943191e-04
1.013501610987268577e-03
-1.077424599548387069e-03
2.276147459891082205e-04
4.775099599656750134e-03
-2.653694662225422260e-02
-2.336215812061596779e-03
1.332173011388672204e-03
2.655818925697835120e-03
-3.286050883100233994e-03
3.708123258655682394e-04
7.659263279552521245e-03
-1.253458818371527492e-02
-4.735790120246375387e-04
6.355024650855448662e-04
3.635953116242671124e-04
-1.735745741401626850e-03
-3.922320554088657633e-04
3.227957389735536427e-03
-1.730428575107082400e-03
3.180684584105933029e-04
-7.308485088178867835e-04
2.312254045790645550e-05
2.082962433870536121e-03
-8.027742769679420930e-04
6.697906945758386535e-04
-8.259111224476103474e-05
-5.061956009395641434e-04
4.556454313445233890e-03
1.829088173733057219e-05
6.415681126797084669e-04
-2.495203319804165418e-05
-1.141889788959251761e-03
-2.527549623409319855e-04
-7.212281282038412880e-04
-1.114231841264541351e-04
1.158572460175899196e-03
1.162006973719632418e-03
-6.214950883114076776e-04
1.226736594700860361e-03
3.220356334066975103e-04
1.135397123533191663e-05
-1.816189927555598689e-04
3.475719863244747005e-04
1.250152937054877953e-04
-6.021484947761670268e-04
5.194697866495415098e-05
6.576523930619693637e-04
2.776862925609138721e-01
5.386499308479512083e-01
1.740157975534961432e+00
2.921686338370487857e+00
2.272988753402028550e+00
1.707361367115273199e-01
-7.590197767688723618e-02
5.675604506039172437e-01
5.567934968489908210e-01
6.645791862063224475e-02
-1.517179018216533977e-03
-1.532917440805783328e-03
1.134521470038161919e-03
1.364336094507153036e-04
-2.074763942278808233e-03
1.929474361746102724e-03
-5.975244319364368499e-03
-5.443864621007903602e-03
4.268177915700302645e-03
7.071219489791382914e-03
1.801523478430788229e-03
-4.289635963708141909e-03
3.596931190206082698e-04
1.988355071324197226e-02
-1.017739148183345252e-02
6.934254152259441105e-03
-1.723504381282997544e-02
8.072933221664838413e-03
-9.623824583606548078e-03
6.000925476117217969e-04
-4.424207668330714435e-04
7.029529169752329019e-05
4.462089360742887414e-05
1.702578713449764709e-04
-2.183716994620856638e-04
1.338119020622983383e-03
1.987651336292617886e-03
1.416724901427076060e-03
6.403991942090920403e-03
1.792954350346499565e-05
6.195339016751703551e-03
8.711902740494945627e-04
7.662617522429839012e-04
-4.897037086985733638e-03
-1.632352016056728755e-03
6.912618309342341387e-03
-7.613305761236706382e-06
1.565141696536878017e-03
-2.716541877951638220e-02
-3.364374795014715789e-03
-6.188581820594958594e-03
-2.104409867769576042e-03
-5.377391085943357494e-04
6.368192927578539969e-03
-5.829922361571021654e-05
-1.757651077530747279e-04
7.746429069154529314e-03
-9.481985454840623564e-04
-6.930058021986764197e-04
-1.847338460169084713e-03
4.556158886426178050e-04
2.589693629932690220e-04
-1.387865639935065721e-03
3.469066863469917605e-02
-2.238791379236051374e-03
5.651848788494642090e-03
-6.079871316682958216e-03
-1.585559146947635540e-03
-1.611873870325602380e-03
-6.654672213105163221e-03
5.938971537943972707e-03
-1.155533163712744137e-03
-9.147313284133874213e-04
-3.156956536655729662e-03
7.309213892543087350e-04
-2.145671118502596119e-04
-1.050736045368133977e-03
-3.616989874027094331e-04
2.761166752552529635e-03
-4.431733679697987492e-06
-1.163848926732457092e-04
2.068252021619097596e-03
4.446754135270679018e-04
5.280507092099218699e-04
-3.853539950419244075e-04
-3.930630278241647123e-04
1.737019824589115975e-03
5.941603900750357277e-03
-8.061678413941992085e-04
7.704284614907675605e-04
5.385160902929642460e-03
2.257950385827205034e-04
6.950835853097535582e-04
-1.624010538757879839e-03
9.344534464303774941e-04
-1.697296705761676145e-03
4.107133671628687352e-04
-2.510834662819172794e-03
3.446101544417284716e-04
-1.029936078913689127e-03
1.314066680777469139e-03
4.146843307480179656e-04
4.249587063581746621e-04
3.931900600424859246e-04
-6.811562953552819343e-05
2.375919422651617255e-04
1.387458534502211682e-01
3.480236255475342988e-01
1.146079511980463650e+00
1.829097495716892174e+00
2.178475842562105136e+00
6.353044111702028651e-01
-2.202719215424539523e-01
4.170703150398324954e-01
3.234101438941535123e-01
6.574879567717521744e-02
7.672097524094473884e-04
1.270091333253484372e-03
-1.256624574378155086e-04
1.223044958339919311e-03
-1.478821931864833517e-03
-1.008605945267741994e-04
5.434596920775687338e-03
5.455834940110376383e-03
-6.203815533906699127e-04
-5.062221084110076971e-03
-6.655393841141696992e-03
4.359660036456138466e-04
1.730039370513335346e-03
8.792432549838618411e-03
5.532931271779450988e-04
-1.188057891270171730e-02
-1.758137471483269682e-02
1.420672887175549164e-04
-1.353667622054601860e-03
2.708544967001982624e-03
-1.517828609923204536e-04
1.442795029106847004e-04
2.258058864363557186e-05
-4.596198892929851494e-04
9.043626622426569517e-05
-9.714610535707792838e-04
6.429351002161990021e-03
-1.229904638340885013e-04
-3.791037439471045198e-03
8.309057554657954450e-05
5.829224575031612642e-04
1.296548871786731795e-03
3.997490513708690414e-03
-1.998811786590022621e-02
-3.231336619941465801e-03
-8.281633625980631963e-03
1.247251130298992171e-02
1.390625720441971639e-03
-1.625344814237967769e-02
-2.068422745989425930e-03
6.015232685675554226e-04
1.415506111922091789e-03
1.750852061835906628e-04
-1.810983981167488353e-03
-7.643238605553368632e-04
3.153060134604554129e-05
-2.239389042685924203e-02
3.045957837762087745e-03
-2.587786520009753045e-03
-7.553993456167702519e-05
-7.627007488744453646e-04
-4.630950651573919816e-03
6.292906005556235180e-03
-3.360101464990754294e-02
4.389580973836518067e-03
-2.128251167527779250e-03
-3.697299422782064811e-04
4.345994740728704661e-03
-5.408144754152003145e-03
3.857489056259275420e-03
-1.319004753446591238e-02
1.806426622402750298e-03
-2.297421934106462765e-03
-1.934218796178582508e-04
-2.365211359470768999e-03
-3.067927556666586765e-03
3.991256058639858911e-03
-7.872731496672321760e-04
6.386772915823365473e-04
-8.245956929354557752e-05
-7.328713744378603399e-04
1.204390327095985341e-03
1.327945722893695505e-03
-3.245060180672223191e-04
-2.685384131722102271e-04
-8.698744351386949601e-05
-1.088241842576219507e-03
7.175908011159005517e-04
-2.458090020435135803e-03
4.238451243380613365e-04
2.376834572702812452e-04
-5.792332177431481263e-04
1.200095010267183786e-03
7.632519825618344677e-04
-7.082186158272095813e-03
-3.027735439465239955e-04
5.817102184484830834e-04
-1.160843666193130553e-05
-3.555877446371057018e-05
8.950814337694917248e-04
-5.238898423886722026e-04
1.208921230174807120e-03
8.587467974656207408e-04
-3.357441849375543820e-04
4.292064281413194996e-04
-1.790177831734211453e-04
1.390715744266927123e-01
3.469585474237529277e-01
1.147252401616840833e+00
1.825468622000401941e+00
2.179803031789815826e+00
6.304135220134666762e-01
-2.093663758866205482e-01
3.932994827250784753e-01
3.678106016523726707e-01
4.852739118914651401e-02
-1.640690156299320045e-04
1.784300269972839172e-03
2.792748132404385152e-04
-2.031853610915004479e-03
-2.815132538459548354e-03
-2.567382488191269308e-04
-2.586878255409820818e-03
6.550622698886360978e-03
1.193184457107369445e-03
3.064495200519809504e-04
-7.182441251421789116e-03
-1.158270436869581616e-03
2.874029819032011650e-03
1.002944309001895483e-02
1.400706548590546731e-03
1.192910972307909337e-02
-2.238352491666230001e-02
-4.518972877442056953e-03
5.600592410964566788e-03
1.735134954683827157e-03
-4.227812669325465449e-04
8.965463687793463797e-04
1.252374491290066572e-04
-1.483045283228970118e-03
-2.545112780557673925e-04
-1.432908786046105799e-04
1.947923573085054948e-03
1.409402942797100726e-04
1.220554118783953373e-03
1.239832292453427100e-03
-6.957516823785533239e-03
9.060636411133131396e-03
2.609868488678870370e-03
-2.130928746180283523e-02
-3.362530820657946406e-03
-3.133242795673938253e-03
1.866998561557107377e-03
3.963306638482435966e-03
-2.134026740642299899e-02
-4.122198056989155243e-03
-4.993981558966777146e-03
4.567905104704086255e-03
-4.077726055563056593e-04
-1.096113803662841476e-03
5.351702357460526305e-04
-1.697346820834370277e-03
2.084204245920219523e-02
-2.738520918660489623e-03
-1.923747062337993665e-03
-1.959892400350013962e-03
2.947041453120841266e-03
4.850164488767215627e-03
-1.344330171498990360e-02
3.309199687394903666e-02
-1.968075628826126272e-03
8.658577611844412575e-04
2.282321176384270820e-03
-5.881043159553589819e-03
5.527621781871809407e-03
-1.628218969865212820e-02
1.285310435911213300e-02
-2.098525976840008144e-03
-1.205311471164746467e-03
-2.072031231251001641e-03
4.187213842440113722e-03
3.440396397282842120e-03
-8.804528341753050172e-03
5.429310795343742814e-04
-2.755690409934995872e-04
-5.778046365817379108e-06
-4.819165572548009908e-04
2.260998895377315868e-03
1.453302642961270879e-03
-1.850899756423779983e-03
-7.744196948006872938e-04
3.261826182723682761e-03
5.412025499929062119e-04
-1.690747926592851965e-03
-2.813448507965998335e-03
-2.460146798115509848e-04
3.441551291604888832e-03
8.429090262652354053e-04
-2.067053812690460186e-04
-1.215347981709338256e-03
4.894757540884001230e-03
-2.412349488470884123e-04
-6.924535529116744451e-04
-1.847409250523254429e-03
7.404358330520395765e-04
7.592975706395821683e-04
4.620793946383889217e-04
-8.110315397096484269e-04
-1.094706899738811211e-03
1.115731603588833226e-03
-4.096399082251131170e-05
-1.871111023085115805e-03
1.353053894768022625e-01
3.557196224122711192e-01
1.132612944839502589e+00
1.846246184895300457e+00
2.157876159844820396e+00
6.511251846692847067e-01
-2.423594842984336806e-01
4.446860403658199346e-01
3.232190663645768680e-01
6.332115385123432416e-02
-2.078618886118109837e-03
-1.452764761378549235e-03
1.179691544634448508e-04
4.775508604812241445e-03
-1.077625874825453856e-03
-1.065056522594480916e-03
-5.686930082678808007e-03
-7.585021716442119123e-03
-2.430897602470922928e-04
8.537751236338545630e-03
3.062993334630541992e-03
-1.238738304145979964e-03
-9.152713936028771674e-03
4.478105072065086123e-03
3.576107844542589752e-03
3.534079297464888525e-03
1.757310349574903521e-02
2.686673482481288420e-04
-4.123868641246052503e-04
2.161562753186702796e-03
3.278290957600188057e-04
2.473934501804661416e-04
1.101002234880303345e-04
-1.256971409928680800e-03
-1.529859076087301015e-04
2.361961517559983789e-04
-2.076643352302309700e-03
5.792015647425232533e-04
9.606884431223040562e-04
1.022461848281096090e-03
-6.780316365000510492e-03
-2.178628587583364504e-03
3.897192605753217829e-03
-2.313155586612323372e-02
-5.833236506518092550e-03
7.985968583904429772e-04
-1.919266523992585200e-03
3.260431408609928711e-03
-1.542541423335168013e-02
-2.778786136399214943e-03
-7.218679917768809282e-03
1.916705508749504865e-04
6.907373931041063111e-04
-2.878407367844304857e-03
-5.790693381626513996e-04
-1.983472861397420420e-03
-2.370785077148765754e-02
4.829109193987175114e-03
2.653991413508150973e-03
7.650508800116567277e-04
1.557420241330565022e-03
-2.593457053927325246e-03
3.209305669969572845e-04
-3.549545577376005817e-02
6.260223551926877988e-03
1.555926722052895566e-04
1.711884258804198663e-03
3.834539202845813587e-03
-4.981667935183777159e-03
6.276666520848623969e-03
-2.168950320267250265e-02
4.604621091756953312e-03
2.997312509857689728e-03
3.246423593798097515e-04
4.861664166746120300e-04
-2.135399680756668549e-03
-6.612462778502821610e-04
1.573427826681681298e-03
2.190624801514145159e-04
-4.244301730098163803e-05
-3.891521646930824990e-04
1.147340683395055337e-03
1.414362169857993077e-03
-1.139328987527503997e-03
-2.195492383687702601e-04
1.077527931266851827e-03
1.805863246933753609e-03
2.843099233438876276e-04
3.800934626999452745e-04
-1.028114759068348219e-03
1.957956425753973155e-03
1.388315523039575401e-03
-1.321918540626315793e-04
7.175535820407047015e-05
3.306038263983413546e-03
4.069866465259701534e-04
1.113390819376010744e-03
2.671178070885793943e-03
-1.578651240087315406e-03
-8.098480808025728056e-04
-4.677223281726855379e-04
-4.554873119823963225e-04
1.724782592983682564e-04
8.114129560491633014e-04
1.080313314223365056e-03
-2.777048631194653679e-04
2.811881086803647012e-01
5.295805160571773751e-01
1.753703404504556973e+00
2.903153998652284962e+00
2.293258423295656989e+00
1.477178276847945504e-01
-5.133946125339548805e-02
5.461356607939488184e-01
5.738173854111745520e-01
5.958386935249913169e-02
-7.476858980296062929e-04
4.830246829382921561e-04
2.923227512969296411e-04
-4.370568289028134781e-04
-1.878329999425156112e-03
-3.506859636858089893e-05
-2.477337511218966927e-03
1.480463084487716741e-03
9.987249228483499174e-04
8.813689870555210804e-04
6.464288572339089642e-04
-5.847726676881312424e-04
1.012403252462144854e-02
-1.939056339804415274e-03
-2.389510612201830534e-03
-1.435768657165111158e-02
4.392007166911428978e-03
3.097416570384233306e-03
-2.216317522005760866e-03
-3.296405056805278011e-03
2.707144606393825648e-04
-5.163830642507373590e-04
6.276782363386068913e-05
1.548213380801598694e-04
3.175826005984209955e-05
-4.726779756394571506e-04
-1.956873809196410432e-03
-9.064425259553425714e-04
5.379114040140730094e-03
1.319629601602740395e-03
-1.500280117161294441e-04
7.253218663075553310e-04
7.872947388807005620e-04
-4.758183437475497699e-03
-8.685347459270853065e-04
-1.038810909890776259e-03
-6.906813161933285719e-03
7.641547482554895618e-03
-3.122441514951117270e-02
-6.800961388017523826e-03
-1.072763397783172735e-02
1.212907774646529695e-03
-1.592997480925953217e-03
6.206000099607283070e-03
1.042922015444034452e-03
4.161095105651866667e-03
-2.870004363223604190e-03
-4.021522810482810778e-04
3.190759532249404858e-04
2.569899202717331149e-04
-1.028039625805409786e-03
-1.942118180490567426e-03
8.203871555964220574e-03
-8.505321766231390551e-03
-4.073210761535201938e-03
-1.368784192082798078e-03
-1.406919303405206522e-03
2.329843229716306151e-03
-7.290405239265123141e-03
3.682031361028383076e-02
-3.509256321221533841e-03
1.877022325218126626e-04
4.060041608706275399e-04
6.139651989846487529e-05
-1.479933599329670644e-03
-1.487561033815713776e-03
7.465801563161235735e-03
-1.364745156128629447e-03
2.903028112324963122e-04
1.839149367784359925e-04
-8.603784192672425278e-04
2.708992834116972451e-03
1.359056227867084122e-03
2.469738047596517760e-05
8.714866599632267925e-05
-2.623270092598695884e-04
-5.485789642274689626e-03
9.160913879059572008e-04
9.500049406065214433e-04
-2.549096773046545007e-03
4.723328565178742076e-03
1.909594005849393154e-03
1.833495000856702386e-03
5.812930046483631621e-04
-9.133394619036469412e-04
-2.282703612798435335e-04
1.040696091136866959e-03
3.071626291562034108e-04
9.007687943179746009e-04
1.022867107759557141e-04
5.913473283486098998e-04
-6.705515972232826798e-04
7.310941117429498037e-04
-2.240818551085333073e-03
-2.502922290591873570e-04
-2.616310285857084694e-03
1.445277257890554279e-01
3.339836460785271521e-01
1.169192904819506662e+00
1.794526483384139448e+00
2.212651105908942206e+00
6.060148279677926020e-01
-1.888631729075057608e-01
3.919803454230355033e-01
3.704480486850698640e-01
3.850972527320643823e-02
-3.035226222674073000e-03
-9.686337057452166013e-04
3.482838643377768740e-04
7.828887456100089640e-03
9.417961580419614148e-04
-1.092590738304796694e-03
-9.309506806122969103e-03
-3.653708021976113940e-03
9.784446800790295214e-04
1.297594744210144382e-02
2.882701697751172479e-03
-1.707327344331890061e-03
-1.942568475877651246e-02
-9.060986334015596472e-04
2.958053747804132404e-03
-1.876665916061706976e-03
-9.181788512794848006e-05
9.497004754341516197e-05
-6.413989139014544816e-03
1.543156198052827999e-03
7.515073244892301902e-04
2.309196543524389084e-04
-4.511733920652707367e-04
4.921516828119815688e-04
-2.320192950388154298e-04
3.204775101549923837e-03
2.041616569437493690e-03
1.946762846887627619e-04
-8.665198258699940851e-04
3.465781307355570925e-04
-1.058109765261035749e-03
4.733649822342559862e-03
1.606708599346081973e-03
-2.588051550568636061e-02
-8.051347153325791664e-03
2.083000005078829153e-02
-3.046137671582392972e-03
3.022028639468750041e-03
-1.032066355559006082e-02
-1.444494964012300051e-03
-9.867710646373328148e-03
2.232592329204645572e-03
-6.775313326095761543e-04
1.411797853748322697e-03
4.754797236150670693e-04
7.312120985516696106e-04
-1.149195557989317155e-02
4.312431787001276030e-03
-1.839808929169311060e-04
-7.210296916603816221e-04
2.754780012006696061e-03
3.543254648184343027e-03
-2.646347216316001158e-02
-1.142340172387784278e-02
6.366338389038510640e-03
5.215551580056287419e-03
-9.546592593481441520e-04
8.631520810574902502e-03
8.465100842402515507e-03
-4.062468627630462514e-02
-6.926586873741801334e-03
2.093756409583874198e-03
-2.033808947569768107e-03
5.169052264120702024e-04
-2.632904101680562121e-03
-1.853487328626521845e-04
-9.864297436601641295e-03
-1.114304010896642085e-03
2.931305151440620179e-04
-6.744890293278889802e-04
-6.790702165952220521e-04
2.664254358604291242e-03
1.093970821421526816e-03
-3.332071148610753729e-06
3.106976869071460421e-04
-1.807392558790501614e-03
-7.637929835538361488e-04
9.589626855672290151e-04
-3.545089747335385816e-04
8.473401484082979411e-04
-2.669404009399784991e-04
3.684262630734375316e-04
-2.197363088050772323e-03
-3.959512918584612989e-04
-2.289064476484857589e-03
3.307550445885983764e-03
-1.447222779034900786e-03
1.428773056748955297e-03
-7.253211950415839205e-04
-4.179085949455931545e-04
4.749291180893731520e-04
-1.247922938225438146e-03
-9.660655994281094720e-04
1.941138562188352533e-03
7.908953246533599775e-04
4.813934451953320870e-03
2.747994251737174154e-01
5.469219811208816395e-01
1.728379261748167695e+00
2.941055217150030376e+00
2.254266959251093994e+00
1.927555873476254344e-01
-1.038993250958953757e-01
5.939032296606626682e-01
5.298163572700063106e-01
8.097360546792678471e-02
1.136183868408412265e-03
5.337621820720943322e-03
7.408136441590184402e-04
3.595400167208779706e-03
9.538364288918197223e-03
-2.560720764786798180e-04
4.643899696194287927e-03
2.090893453322781315e-02
2.776999577016694021e-03
-4.279682068519218008e-03
-2.330999536196584621e-02
-3.521056435295479622e-03
-1.245851751726411924e-02
-4.019952165414442807e-02
-5.954308590672564416e-04
-1.280688721865251047e-03
2.764384487363725357e-02
1.154662765065642659e-03
1.863422899410946323e-03
1.225201098111353007e-03
1.310701919983955389e-03
3.429972421737974286e-03
6.906586764968104201e-04
-2.312413288847204977e-03
1.017216689520389827e-05
-4.749740690945071682e-03
1.271763605737347320e-02
3.621040429607233317e-04
-3.772229500449027911e-03
1.431320645633639248e-03
-1.532011494982303719e-02
7.243819627480893933e-03
3.585289723427233233e-03
-1.482215390355895793e-02
-2.335686803438168872e-03
-1.229418335226377043e-02
-4.075139501918579807e-03
5.743785989068632934e-03
-3.646583714636705831e-02
-8.616896093064466480e-03
-8.679055727232793706e-04
3.448195910841817587e-03
-2.535158208962295196e-04
3.669376146234489162e-03
1.636771135420191526e-03
-2.394108051952902310e-03
6.735606285516704782e-03
-2.771857212374398416e-03
-2.423192806238946492e-03
-1.116103714989070787e-03
-1.225521275535938282e-03
-9.078421622497850451e-05
4.643090242129929712e-03
2.913154730782856888e-02
-1.016980124373360710e-02
-7.883185403319980730e-03
-2.635250872809033387e-03
-9.120815603095719848e-04
-8.735732720020709247e-04
2.162803170754850485e-02
5.977840147057811131e-03
-1.211650352240180263e-03
-3.069426525268870599e-03
-2.829825801932559426e-04
-1.682708897744241566e-03
-1.390017117338916100e-04
2.269508647960580966e-03
4.354137295258000452e-03
-2.900685706467687045e-04
3.914491086879242059e-04
-2.003791182284817333e-04
8.076491386810500609e-04
6.963729436435308348e-04
-7.931466836233842452e-04
8.471936164783739828e-04
-3.109801617942141612e-03
7.151430129559617661e-03
4.124549157004964183e-04
2.703846633081275321e-04
-1.369377762370885786e-03
4.591991914894967206e-03
2.326429696670925893e-03
-1.087125694691235944e-03
2.696705329399274546e-03
-8.880881112594038451e-03
-1.148099923748533910e-03
-3.949830505653825654e-04
-1.473457447061222308e-03
1.125585493562336527e-03
5.880313499090153179e-04
3.318566917301489115e-04
3.486341608562877181e-04
6.016229716586428758e-06
-8.097244209018768842e-04
-1.067644513521939786e-03
2.966000845157955659e-04
1.421843528009652247e-01
3.393032956944733725e-01
1.159489604122110551e+00
1.805975985628287983e+00
2.195558194704852362e+00
6.190748768912550659e-01
-1.943856745450772694e-01
3.843611393743163740e-01
4.176628965367238933e-01
1.872121437324809901e-02
1.063961964646933933e-05
-1.615270236185879695e-03
1.250002691650942957e-04
-1.044452768025882225e-03
9.644157910248757001e-03
-6.856566445656208037e-04
-7.041429016446437619e-04
-9.045688113910304445e-04
1.780945242536432702e-04
-3.652247502144005155e-04
1.245203234881691289e-02
-1.043682989072711089e-03
3.451839154478045322e-03
-3.026775666222456668e-02
2.396295336098487258e-03
1.009690993650961361e-04
-1.584133024142457546e-02
8.725299582923365773e-04
-5.878900053539082727e-04
2.334729133559016075e-03
2.199026341214075199e-04
5.126296060457100501e-04
9.265508939228286065e-04
1.612411766054160219e-03
-1.556775281362904860e-04
3.884786430687802144e-03
-2.105374615683234998e-03
-3.055215971515621437e-04
5.131172740241861548e-04
-1.706071567272989626e-03
-1.231851105349676852e-03
1.217046173123094259e-03
3.519898142617969121e-03
8.322331214174001970e-03
-1.065554472152137507e-03
1.772167265081996818e-02
5.971246076090989778e-04
2.577207522908894766e-03
6.382010185850826509e-03
-3.492337625851370275e-04
7.350322385836067368e-03
7.306075668459137201e-04
-1.278302337240360027e-04
2.510607636396411033e-04
2.338542215538986276e-04
6.888162447576916259e-04
-2.098767229458567418e-02
-1.410842807339791742e-04
-1.118681591714959164e-02
2.134566725625497083e-02
1.275902426655915745e-02
-9.288543318841558857e-03
2.197956315861240850e-03
-3.158648218880877323e-02
-2.257037914533302318e-04
-1.397609358506299478e-02
3.395662923010855233e-02
2.091260149204341931e-02
-1.487244673488052719e-02
2.278686651374387841e-03
-3.931190204204445225e-03
1.350265133151974542e-04
-1.040448655849731969e-03
2.199180652452214450e-03
1.439535677634061961e-03
-8.698384926313277145e-04
2.300662958125967918e-04
3.269129862196542419e-03
7.363053185105423656e-03
-4.394517044633637626e-03
-3.606239188453961436e-03
3.890863242431725350e-03
8.697170345673068022e-04
3.663300926801028694e-03
-1.342682095623139605e-03
1.607803110593109853e-03
6.947610034228177047e-04
1.660027902792419498e-03
-3.080952905458178570e-04
-3.171436492516183786e-04
-6.764595768719069285e-05
7.861754121890672346e-05
1.024575360487558215e-03
-1.640834804759590216e-04
3.751400501995325737e-03
5.660589089090148178e-04
-7.286539950532741573e-04
6.188023416860057718e-05
-2.727158643560413653e-04
-8.962997182440479282e-04
6.495382273663718922e-04
2.684338155005889831e-04
-9.076604398298770754e-05
3.929106403309226211e-04
-4.321672527562527878e-04
2.812410554314594981e-04
3.275152853452562574e-01
6.959049963586085852e-01
2.222679899547676641e+00
3.816469143977857748e+00
2.617374166180947093e+00
2.154458873554761233e-02
4.049272816687443655e-02
9.476208217960301328e-01
6.298692214926819855e-01
1.449711070830352055e-01
-7.818313028638942258e-03
3.433628925466838781e-03
-1.004294154952232662e-04
-1.448644608345319926e-02
6.838180128517411249e-03
1.425664077961207412e-04
-2.615532987538444348e-02
1.136937809331295748e-02
-2.110394996402512610e-04
4.544873425698047614e-02
-1.998342059532018725e-02
5.211664797070730999e-04
3.259271077562265334e-02
-1.552212426395504184e-02
-7.930685552603854854e-04
-3.315360818611163413e-02
1.601349067986252914e-02
-3.118190870464120339e-04
4.002023523481296023e-03
-2.519640205215293617e-03
-1.110511624849272916e-04
9.233645842556483310e-03
1.815356452195347043e-04
-6.220545252369757971e-03
-7.775879854605202007e-05
-8.049276276613977557e-03
2.269608261719101988e-02
3.056905598066383912e-04
1.034466722802688740e-03
-8.584504076203539156e-05
-1.956692255578177872e-02
1.713158538830929917e-02
3.866130980667788252e-04
-2.356271198843069153e-02
3.040256525845663315e-04
-1.519415284269050662e-02
-1.820919455190842320e-02
-8.799135707985770950e-04
-1.018298012511444257e-02
1.828220540305869031e-03
1.501712387152298080e-02
9.919528591284748967e-03
5.727973726660729121e-04
1.017552330515118439e-03
-1.145171646765789312e-03
-8.057144674641214879e-03
1.557528613146621013e-03
4.261493516431591596e-04
-1.674853170269786570e-03
-2.100736764336694868e-04
3.879710876275223579e-03
-5.822939737536233108e-04
-4.116546739641797794e-04
2.031038200625610163e-02
1.257250623659225729e-03
-2.617412582470932548e-03
8.350515204007874157e-04
5.207123817251817569e-03
-5.429629771236989255e-04
-5.694440151491115057e-03
6.226152258794867903e-03
4.100582682109969604e-05
-1.139255039837607864e-03
1.851524338676745673e-04
3.321895380504474339e-03
-4.833213704052877029e-05
-1.687465169646215884e-03
-7.035915873698988599e-04
-2.801449777602083220e-04
-5.485998064709482740e-04
3.264420251647530424e-05
8.501129678368834260e-04
6.598998359063193745e-05
5.827349258418531696e-04
-5.912688314952096449e-05
3.162330035614123610e-05
-5.150911855221226507e-03
3.711982696035564318e-04
3.271811466496012295e-03
1.836548278040707341e-04
-1.002535114669466125e-03
-4.153577464743176762e-04
-3.168155136992658726e-03
-7.486972084088722905e-05
-1.127650418520372878e-03
-9.292565703044571371e-04
7.018093092861136086e-05
-1.740832331302360429e-03
5.814169901467683595e-04
1.217237161454375613e-04
-5.301827728939560030e-05
-3.632771827869905792e-04
-4.759055761106682227e-04
4.807132644934314055e-04
-3.837703756652207938e-05
-7.219124623091444266e-04
3.283432456920151177e-01
6.931112221357249581e-01
2.226729257651222316e+00
3.808267835030800352e+00
2.625817867349778734e+00
1.104053264404054879e-02
5.418189486321117743e-02
9.333925761060437587e-01
6.403277352110088305e-01
1.433974575834913723e-01
3.365494557802362584e-04
-9.784343902005261315e-03
-1.440135719659764880e-03
1.668435588631183956e-03
-2.126515805126560910e-02
-1.086332143198337052e-04
7.590293925041468465e-04
-3.265378142411427126e-02
-5.093309338684159568e-03
-1.170238241129905633e-03
5.710496476187865156e-02
7.930304609761247570e-03
-6.075187578901082575e-03
4.917977490794859380e-02
-9.198944410643386830e-05
5.370293760862119778e-03
-4.257553034677220849e-02
-1.431704360259729173e-03
-2.363622610036970710e-03
6.826529506538422769e-03
-5.859312312516150095e-04
5.216133916176558197e-04
-7.555127539295917842e-04
-4.109918133390206597e-03
-2.187049014843970175e-03
1.111204045264510033e-02
4.613228108226183691e-03
-5.855914076244787651e-03
8.612516857657036284e-03
-2.907828246456163959e-03
3.224671044013556476e-02
-2.786887874419379614e-04
8.746780900668481209e-04
-1.974425203023695910e-02
-6.076467018480228091e-03
1.781536106038590986e-02
-1.337533364490272724e-03
5.585942382284172190e-03
-1.055517369894319775e-02
-5.143577820931936016e-04
-2.206551222358393849e-02
1.686829578006798173e-03
-2.742778304156836405e-03
1.266142425813062376e-03
-3.400128715484958047e-04
1.201449212476623368e-02
4.949961758309519462e-03
2.872355634450499996e-04
4.576058945305853595e-03
8.268965132393873291e-04
-1.001745952361507647e-03
2.098443360216866935e-03
-2.220427659048210614e-03
1.955306121053184548e-02
-1.072099619017040720e-03
7.699910256244663423e-03
2.187737410850274303e-03
6.461761552590617255e-05
4.376450851701919539e-03
-6.823965759884705051e-04
8.590554082287279666e-03
-5.741080352096295230e-04
3.890834249998402754e-03
8.461924005979246837e-04
-1.833849599108528221e-04
1.612683865834722450e-03
-2.938876331059075107e-03
-5.244417176258522450e-04
-7.865572371437771744e-05
6.408375793005312683e-04
-8.972000508647814238e-05
3.770735900344431924e-04
6.275658820873778170e-04
-1.850032398751339608e-04
-6.408283742705671998e-04
1.849963538159397512e-03
4.504965203134350150e-03
-1.295557896317780979e-03
-5.549432895054233397e-04
-8.855725285331652024e-04
-2.666274809198685650e-04
-1.216985810811614319e-03
3.524714410493941762e-03
1.316274110943578633e-03
2.188103699981893031e-03
-4.031632930434995163e-04
-1.859380608201239692e-04
-1.620069244542874905e-03
-2.741560144404092724e-06
-4.051630546024350375e-04
-3.002220801626484916e-04
-5.130513113010378356e-04
-4.026871174983661684e-04
1.095964959207748439e-03
-8.812802442432219122e-04
1.483766886018877702e-03
1.437003133115410114e-01
3.356312504488114246e-01
1.165883329651715039e+00
1.796706416291814934e+00
2.205501931561968387e+00
6.107036376665774258e-01
-1.850811902452919600e-01
3.759580775849919454e-01
4.205949450542612045e-01
1.844105776521345885e-02
-5.078202490940825729e-04
1.232887905016951790e-03
6.841918793614159416e-05
2.522642079110437238e-03
-7.820319842461086191e-03
-6.877635165334703825e-04
-6.917045989159025660e-04
9.205762574598982256e-04
-3.375861283769644033e-05
3.254976619399428586e-03
-1.082487248725738302e-02
-7.421667646707930978e-04
-6.379393568453612870e-03
2.670788065615030057e-02
1.903029415371794561e-03
-8.581578154995149824e-03
1.121368535186685091e-02
2.309332424952763828e-03
1.504765141279958574e-03
-2.231486931400889981e-03
3.079024057485343609e-04
2.747639809205150007e-03
-1.014498580634881934e-03
2.321017281604514752e-03
6.139706401738536301e-04
1.127185886335320842e-03
-1.291207811141626468e-03
3.744780979182671648e-04
-8.848490343226133800e-04
-1.173922222177036520e-03
4.644296890925440208e-04
1.280184663305441312e-02
-5.025938693089443236e-03
9.930790990719941952e-03
1.602121287428772377e-03
7.946262381047836457e-03
7.122915184259148366e-03
-2.066478195491984211e-03
4.154588813273461453e-03
1.577032931319516428e-03
4.552870369678080342e-03
-1.250039129596564914e-04
-3.721704371351937206e-04
-4.928255169306524838e-05
2.741580996283287395e-04
7.320210580546524654e-04
-1.588221802616772860e-03
-3.415035727281568595e-03
1.938966424231707703e-02
1.619792657688167575e-02
1.307312460305981583e-02
2.172128039449214894e-03
-2.139983629380397614e-02
-3.651419471641625426e-03
-6.842480760309340403e-03
2.697358848153857264e-02
2.415368983487383228e-02
2.442138762960703591e-02
3.472714911901802343e-03
-3.024312201404449202e-02
1.069387118376453373e-03
-4.589680184975859778e-04
1.817878702735874034e-03
5.970636149802709168e-04
2.351971264277207332e-03
4.803141003215300776e-04
-3.911684000729545238e-03
3.970798797083053416e-03
1.295791689867225650e-04
5.575457085126196699e-03
2.291206229399705887e-03
2.955253487109839143e-03
1.455995008459265482e-03
-3.501308072176354154e-03
5.593448136633068571e-03
2.127433291837013945e-03
3.794623411821219927e-03
-1.055911155240371862e-03
1.896498312982413791e-03
-2.343766549587110795e-04
1.161425712675715101e-04
-1.215257946974425494e-04
3.742678426038289000e-04
1.971794362823550088e-03
7.033362621424073258e-04
-1.785305923500822740e-04
-1.101827637436556765e-05
-7.037268574508763648e-05
8.783462165950969023e-04
2.203208033611207958e-04
7.840405227519230830e-04
-6.918082397129642416e-04
4.625372022835035936e-04
-5.799025785827953677e-04
-6.792776944422682789e-07
-8.956012076457554004e-04
1.416469126702259995e-01
3.406731003584502204e-01
1.157358803274638692e+00
1.809416546001083370e+00
2.192487748531549485e+00
6.211834923343046988e-01
-1.974735668832037216e-01
3.877034696160220895e-01
4.150077039929868650e-01
2.218089608212623839e-02
9.517651790320082184e-04
5.558813687567168253e-04
6.985838408323962660e-05
-6.650318077718080784e-03
-4.364538663429386352e-03
4.406994745504463191e-04
-4.029150405209826202e-05
-4.064508818316572153e-04
7.415634363808579774e-04
-8.445441130744701236e-03
-5.253162664223748508e-03
-1.810239821252917559e-04
2.147362227986586089e-02
1.419767789408152292e-02
-1.210920867506608744e-03
1.389063108698710032e-02
9.295811743098816166e-03
-2.311063229616913456e-04
-1.066122312036400267e-03
-6.893151005245147338e-04
9.844025177190692465e-05
-3.168212207532452272e-03
-2.315468583483106432e-05
1.376846623907105596e-03
-1.814422420321803780e-04
-1.619398438207836962e-03
1.183634252273579879e-03
3.659917877617716942e-04
-3.245937698994620819e-04
5.807748141713943045e-04
1.194509934458444066e-03
-1.455817264407222034e-02
-4.116717092021780593e-05
7.850110847901456065e-03
-1.606248147650028604e-04
-6.639456346114910347e-03
-6.100748211026533509e-03
-9.849687830907041721e-04
6.710232714119943737e-03
-1.068154034921134322e-03
-2.762056319645811702e-03
-1.214220358438757204e-03
7.688561914818727559e-05
6.625216533721585768e-05
-1.002664911804402659e-04
-3.766406727823393055e-04
-1.816333411632764169e-02
1.216293535650245748e-02
-7.472050931168468333e-04
1.807666258947617649e-02
1.729117428583768282e-02
5.435455766840794484e-03
4.951418348473858241e-03
-2.753779825015187019e-02
1.941260975585942794e-02
-3.205052821065985068e-03
2.983202924600439343e-02
2.523334037934707799e-02
8.582786540631012415e-03
7.704747582193249844e-03
-5.124234145596702310e-03
2.299055584755739425e-03
-3.718253930206570873e-04
2.192210029710648864e-03
1.876524868738032974e-03
4.748948604127165626e-04
1.602984185958264635e-03
2.948026405763853799e-03
6.759016797327191753e-03
-3.976615992772729660e-03
2.763941298999533260e-03
2.912873780696197644e-03
4.700701797763517410e-03
2.136924160582261145e-03
-1.039517015273141260e-03
-4.444115179787426050e-04
2.385513457013868285e-03
1.157611171313034301e-03
-1.755034824053797356e-03
6.189630176356231486e-04
-3.329838652524540156e-04
3.816257018490901501e-04
1.290400622708577118e-04
-1.657399338008542751e-04
-2.539415423881448766e-03
1.311169467603824092e-04
-3.178148350677790623e-04
8.071491464621088864e-05
1.480184494871241482e-04
2.079126999925573916e-04
5.593270103637039067e-04
1.044846189084316663e-03
5.573190536916246274e-04
-1.962528615595242483e-04
2.008753505156192325e-04
3.496323498798658592e-05
3.804080321821847605e-02
1.351745703643197072e-01
8.810121925107890217e-02
1.003160725201419218e-03
4.131538114903659381e-02
8.946105046385740070e-03
-4.424588846733995551e-03
4.497555652105711399e-02
2.103631178697860232e-02
-4.195890386328770920e-03
1.573058856086595805e-02
2.089426615665821406e-03
-2.027582456709122773e-03
7.988082358766711299e-03
1.007616907556994207e-03
-1.249429168099733950e-02
-4.207003826695188825e-03
2.004251603875404145e-02
-2.214988146746025687e-03
-3.564579289174741889e-03
2.662222948506892933e-03
-2.284851182519744884e-04
-9.689169212691492970e-04
5.488513711895077161e-03
2.768367240814421232e-03
-5.051108024065559775e-03
-1.251718321095272087e-04
1.064243324436220384e-03
4.014271550810845531e-03
-1.304878180275542959e-03
3.098290371114518962e-04
1.859121692185225190e-03
-4.469927525519270736e-03
-8.176986777806483954e-04
6.667606815698329595e-03
-6.260989120817786555e-04
6.882158643158791181e-04
1.468012091634242604e-03
-1.672135726739112406e-03
4.736745512269921465e-03
7.141747003470295388e-04
-3.951282934640696839e-03
-3.630257113964971156e-03
-2.245890088792151535e-04
8.175332619001502831e-04
-1.252264336100809188e-03
-2.256310134455258212e-03
-2.053724904081320919e-03
2.668573715380926411e-03
-4.453684325925785347e-04
-2.989843998491983814e-03
3.452586768890727326e-02
1.344087935660888966e-01
8.864939660259703313e-02
5.879073990780348674e-03
-5.084200011865737390e-02
1.345005181465686907e-02
3.822607861454958150e-02
-6.399702373596652394e-02
2.553434816701189922e-02
5.074148234650936728e-02
-1.335793833158026300e-02
-2.609699864557944379e-03
1.048535593533274878e-02
-1.705706119612810170e-02
9.738637898132607856e-03
6.288198953947233757e-03
-3.261388181604783082e-02
2.403001348906608561e-02
6.988617728672375830e-03
1.467251981902030749e-03
-8.135057510845837211e-03
8.208979313963239016e-03
-1.226071340496011526e-02
-7.129874248236364211e-03
4.652937089281829544e-04
8.094660891272975611e-03
-1.368332327496335835e-02
1.517317533168454496e-02
5.334782730006115822e-04
-1.785702745706753631e-03
-1.338263813165273741e-03
-1.941293833590225244e-03
8.301349860128682005e-04
5.584110328644186828e-05
7.197821823982714822e-04
1.806502467448987698e-03
-3.594751411604872127e-04
2.063352390087381302e-03
8.083261908672879567e-04
-3.585925531542822784e-04
-1.135726121736754021e-05
1.509248290328284343e-03
6.357876513276997446e-05
-1.618108542289478560e-03
1.555311792917934196e-04
8.818436308149972362e-04
-1.269831247263956183e-03
-2.277541390741798406e-04
-1.264313746226420915e-03
6.493261404698674917e-04
7.584832645543060966e-04
3.535975049615989324e-02
1.352989791806991915e-01
9.093817685489898051e-02
4.154051797669217755e-03
5.823568615098220075e-02
2.385059784283291920e-02
2.106993601553392229e-02
7.100805814030811125e-02
3.380112975017037641e-02
2.573161569717458477e-02
1.702120820747810362e-02
-2.719747657053503409e-03
5.693754207931079128e-03
2.196646123997372455e-02
8.691687648893119816e-03
-1.243229465168797093e-02
1.830675282287982930e-02
2.651469021842109072e-02
-2.190913232780930878e-03
-1.580102294473255354e-03
1.300075145836475854e-03
-3.423844945196921272e-03
-1.139635941744073996e-02
4.456832723606364045e-03
2.287504545597586741e-03
-1.139480921079734192e-03
7.029087833164507707e-03
1.483662495494403322e-02
-3.371451640386424905e-04
1.581531090744548113e-03
-1.518678538226471940e-03
-3.977965366633292384e-04
-1.502338186392720466e-03
-5.938646320922801470e-04
-2.363660176061772866e-03
2.954793290277917851e-03
-6.781795224880466429e-04
1.447499409681961410e-03
-3.409873767312228843e-04
4.816570446965127940e-04
1.076383566839012994e-03
-6.214414455795242613e-04
-3.970494667210799824e-05
-1.258974298955322681e-03
1.054460234992546158e-03
9.037549438033819042e-04
-1.404772154986007847e-03
-7.833402025201954832e-04
-1.230109958849999897e-03
3.320014338917883379e-05
-5.504822439534400556e-04
3.590042072467976991e-02
1.351772053168002752e-01
9.150916419532890977e-02
4.390806377853679471e-03
-9.110098392537737191e-03
5.884685926359029158e-03
-6.038679939840135846e-02
-1.908107755340504585e-02
1.816898923110789321e-02
-8.076261458984171360e-02
9.913413974267110823e-04
-7.725292343491705488e-03
-1.340496530792804723e-02
-2.728826405306724549e-03
-8.825239692891466772e-03
3.932450066633099567e-02
1.141858935429642882e-02
4.006721428096201264e-03
1.381177973380281684e-03
-2.333460778560969475e-03
-1.295406141238759912e-02
-1.665097616971315982e-03
-4.782105612179756576e-03
-3.320168820572118144e-03
2.521808516155433881e-03
1.909840150467941727e-02
5.780439351003217874e-03
5.676282982921760853e-03
-1.150743568234641277e-03
2.649545387588284279e-04
7.557789777221456768e-04
-4.700439954668405359e-06
-5.726347298698122998e-04
1.456616742636572884e-03
1.101454511041390603e-03
2.443500682329000952e-03
9.030903174104630950e-04
2.903008395969544153e-04
-3.424209689765699526e-04
2.423502243863525523e-04
-9.259979671572794117e-04
-1.180360964310052906e-03
1.068237987894273423e-03
6.699676539122299650e-05
-4.495918519568886077e-04
1.473397912428171634e-04
-2.107485031585677737e-03
1.034836053462793570e-03
-1.789351869062501873e-03
1.269518788325686058e-04
5.895770344971525134e-04
3.566971829125371168e-02
1.317165068922538096e-01
9.210916317213126148e-02
5.171808418347818154e-03
-2.792557431968934259e-02
-3.454243368552406546e-02
4.192558800156253457e-02
-2.909005428624519829e-02
-5.656743396060783663e-02
5.501107573265157091e-02
-1.092808296203925424e-02
-4.449983744734181679e-03
1.262584399721168073e-02
2.129074120897804165e-02
-2.820292776848010510e-02
1.050633569544769975e-02
-1.815163894720057264e-02
-7.209471524547612226e-03
-1.209716964312399813e-02
5.205204907146669148e-03
-7.246402185032307930e-03
4.981188569117832830e-03
1.451821796846034527e-03
1.326277931785988136e-02
-1.028316326991441862e-02
8.603498385214692831e-03
-8.939880036762876472e-03
-1.840360514644341552e-03
1.798205463575302859e-04
-1.222199201787200758e-04
2.068022601006190217e-03
-2.313381198930795652e-03
-1.860552345822542386e-03
-1.442577834101461303e-03
-1.159509937947283617e-03
1.540661530574570634e-03
4.479773114856339545e-04
-2.086431905871308223e-03
1.587725034647120793e-03
3.062514109381444995e-03
-1.162479499717776065e-04
2.452942733666941925e-03
-1.671166437937398122e-04
4.072482758252842991e-04
-2.184717662350251985e-03
3.387088381781189900e-04
-1.305416532020906711e-03
4.661027332357949200e-04
-8.779711084718280507e-05
-9.567599122407725648e-04
-8.417184709016992334e-04
3.982860760371625258e-02
1.282810986871735226e-01
1.018171620107686942e-01
1.501924712676201007e-03
-1.500904159741705754e-02
-1.131541403118714595e-02
-5.587170499361548970e-02
-1.386974765363853217e-02
-2.861893815683714398e-02
-7.544218841705281620e-02
-6.995419133417246117e-03
3.101879865552862117e-03
-1.617447723507852916e-02
9.199552935784475680e-03
1.588263345309903068e-02
3.131947970635350076e-02
1.625153062371215151e-02
-1.810306473090492153e-03
-1.014530577171597094e-02
-2.715307309901434513e-03
-7.139435403583108304e-03
-8.834734375817878890e-03
3.951623251902482842e-03
1.004749458339838919e-02
5.348798753297567647e-03
1.256333694182756519e-02
1.277299684724666692e-02
-4.220632171499260309e-03
-1.055518284563869078e-03
4.146503570181826401e-03
-2.472805433728521643e-03
1.138312193303249540e-03
-2.065296271727719421e-04
4.103446455216563514e-04
-1.017992701885628076e-03
8.698736921020441435e-04
-3.630342227440637448e-03
1.960480626010126671e-03
-5.803547383005072582e-04
4.294984272442258920e-04
-7.955758700146025415e-04
1.155806643639283472e-03
-1.191978261598353444e-03
-2.083183889513767501e-03
-1.580418800723617286e-03
-6.786072455501612755e-05
-1.188722115157112274e-03
-2.367450694667376249e-03
-5.021740081705594778e-05
-1.729885484360912072e-03
-1.360325758053584325e-04
3.447922099285060521e-02
1.343131287010934372e-01
9.415982607690560890e-02
3.901119375288076424e-03
6.912531401979260526e-02
5.297973690625312239e-03
1.021354459287599110e-02
8.220905996150275341e-02
4.898718094647988922e-03
1.142468507710648305e-02
1.527056449813396152e-02
5.693881158248575297e-03
3.358029987420790320e-03
1.384712003921261154e-02
1.226813165404902982e-04
-1.728161953232255563e-02
1.093172170736506424e-02
3.959516758753609672e-02
-8.064590568368050494e-03
8.829322762659963086e-04
4.690308972550498272e-04
-3.392324726355503035e-03
-1.630120149621186107e-02
1.087262321072971633e-02
-5.864456898790032079e-04
-3.842638181136011355e-03
4.963536032698850735e-03
1.524196846090983097e-02
-3.316997941761382768e-03
1.043346348309214135e-04
4.233229490396492323e-06
5.577737064938857606e-04
-2.247467308199321053e-03
-8.338357426678031249e-06
-1.800581140733682403e-04
-1.703268346288022966e-03
-1.381371297413412419e-04
-2.090398124910319323e-03
-9.431476192187876560e-04
1.094244185818494131e-03
-3.769896110085943519e-04
2.511443624734969841e-03
-3.928729523609317091e-04
-5.290300530214178719e-04
-1.433754650817714582e-03
-2.211054954763900376e-04
-1.261872683576552821e-03
-9.668119699452804895e-04
1.365450275653185865e-04
-1.099776905192192261e-03
-6.689150380829946181e-04
3.433478292753338462e-02
1.355433650966279546e-01
8.645968884344480687e-02
6.098810794510151762e-03
-4.003339198750102690e-02
3.548093715592265385e-02
3.866949047594349376e-02
-5.673556276912652269e-02
3.739298972335870774e-02
5.092025642723772838e-02
-5.014587992649553738e-03
1.323278396512597536e-02
1.013593667372904468e-02
-2.912916851392919823e-02
2.272865374280562747e-02
7.090500520679874664e-03
-2.530412907752190368e-02
7.326989751621385688e-03
1.460162042305273786e-02
-8.973931359792550883e-03
-8.970866038236841727e-03
1.628236881723497302e-03
-2.437475007285943695e-03
-1.663807273454637886e-02
1.221415388060975195e-02
8.994024066614855761e-03
-6.371919192514087331e-03
1.080821391787845261e-03
8.829370427556557663e-05
-4.406229955780404154e-04
3.280556272125158680e-04
-1.801973312494711864e-03
1.086578305988783293e-03
1.564830149042517604e-03
-5.540230974431571177e-04
1.826113496150638237e-03
-1.080204727482879899e-03
-1.236037032573027985e-03
7.238646548486181009e-04
-1.832780639595771527e-03
9.661171179931601167e-04
-2.485086983729498534e-03
2.838523289499265620e-04
-1.504655280995145046e-03
1.072027801355646907e-03
-7.384853532876533514e-04
-1.125432032565324130e-03
-1.162401602457947217e-03
3.663873202128049757e-04
-3.248575627825547266e-05
-8.532397500738550175e-04
3.699135069960386019e-02
1.333641851070453410e-01
9.181340371116149257e-02
5.502231595821516913e-03
-1.493677322112752469e-02
6.920771760015093001e-04
-5.738208790346883276e-02
-2.438463826832331163e-02
-3.359126836966162648e-03
-7.456315434577595602e-02
1.730878696887149480e-03
3.771177752563348133e-03
-1.377247942363098859e-02
-3.513793183011339888e-03
5.965482305728816645e-04
3.674495111867652486e-02
1.741264775467758416e-02
1.796371177443630701e-03
5.328760168877177093e-03
2.061048259302798204e-03
-1.358027111898378603e-02
-1.162237851438864935e-03
1.063236066336793652e-03
-4.348987351027277029e-03
-3.167254151007822122e-03
2.026163973718763875e-02
2.500355248766214337e-03
-8.106960633534812796e-04
-1.759059989974501781e-03
-1.468077575928042593e-03
-1.506681188625804649e-04
4.773340877162643133e-04
-1.029697835683036650e-03
-9.796689722851037192e-04
8.413176319375850060e-07
2.432773605796828553e-03
6.296665618334064841e-04
-2.504125168429365456e-04
-2.783987307103798583e-04
2.124486455899422463e-04
2.688399056653657197e-04
-4.227315997762759285e-04
-7.293475931252849792e-04
-5.700008048304021704e-04
1.804784280080870638e-03
-5.377130153794763313e-04
-1.822503561113521589e-03
-1.144234085999923812e-03
2.934811526386989396e-04
2.802916921938393598e-04
2.177851837594870811e-04
3.439642725637814119e-02
1.352982716746512493e-01
8.659128929324517998e-02
5.918654565101200832e-03
2.071468476701119471e-02
-5.838649129536569587e-02
2.277656065415782291e-02
1.681631406223088251e-02
-7.689636175834976828e-02
3.123956052678147216e-02
1.130297863910850742e-02
-1.207592883881108796e-02
5.945603635155082868e-03
-2.043045395003731043e-02
-2.230275948684877149e-02
-6.864762964724873719e-03
9.610958776941106244e-03
-3.212392339669883912e-02
1.045906225286286594e-02
3.389472074146855467e-03
-5.613095247232690287e-03
-7.726409115919985471e-03
1.314098550861428870e-02
-1.372907080211715342e-02
-7.816212737643123132e-03
3.165029365521183392e-03
7.937816184399601807e-03
-1.473537446284647889e-02
7.566235644430141342e-04
7.200335195571914548e-04
2.021485528595273404e-03
-1.206438904068346009e-03
9.683284946413998505e-04
-7.397247534529586416e-04
3.621516511572858157e-04
2.793576187269381297e-03
-5.714293698712089985e-04
-1.077371170145831379e-03
5.744108497210907152e-04
-1.989782658659402462e-03
-1.598951175878170899e-03
1.781574724270604173e-03
2.651454282962191792e-04
-1.005611016209147744e-03
1.350954881922059817e-03
-3.759921678828008831e-04
-1.012820556178006858e-03
-1.086826436064787732e-03
-7.799186486826141301e-04
1.054955960807171019e-03
-6.066762226130638369e-04
