$basis
type=general
default=/home/xe/Downloads/cc-pvqz-jkfit.1.d2k
set=/home/xe/Downloads/cc-pvqz-jkfit.1.d2k
1 13
      0 1
             9.5302493327 1.0000000
      0 1
             1.9174506246 1.0000000
      0 1
             0.68424049142 1.0000000
      0 1
             0.28413255710 1.0000000
      1 1
             2.9133232035 1.0000000
      1 1
             1.2621205398 1.0000000
      1 1
             0.50199775874 1.0000000
      2 1
             2.8832083931 1.0000000
      2 1
             1.2801701725 1.0000000
      2 1
             0.52511317770 1.0000000
      3 1
             2.7489448439 1.0000000
      3 1
             1.1900885456 1.0000000
      4 1
             1.4752662714 1.0000000

5 28
      0 1
             441.88913157 1.0000000
      0 1
             92.069629785 1.0000000
      0 1
             29.978448517 1.0000000
      0 1
             11.426330790 1.0000000
      0 1
             4.3808722439 1.0000000
      0 1
             2.0594033542 1.0000000
      0 1
             0.90115717578 1.0000000
      0 1
             0.52455288939 1.0000000
      0 1
             0.24634725959 1.0000000
      0 1
             0.12085805961 1.0000000
      1 1
             229.95115195 1.0000000
      1 1
             36.381694756 1.0000000
      1 1
             12.119796695 1.0000000
      1 1
             3.8441129406 1.0000000
      1 1
             1.1002761183 1.0000000
      1 1
             0.39733117993 1.0000000
      1 1
             0.13514765422 1.0000000
      2 1
             9.3643373880 1.0000000
      2 1
             3.1035657986 1.0000000
      2 1
             1.2006835120 1.0000000
      2 1
             0.40829624602 1.0000000
      2 1
             0.13188304180 1.0000000
      3 1
             1.17928500000000000000 1.0000000
      3 1
             .47128500000000000000 1.0000000
      3 1
             .21428500000000000000 1.0000000
      4 1
             .95128500000000000000 1.0000000
      4 1
             .38028500000000000000 1.0000000
      5 1
             .74228500000000000000 1.0000000

6 28
      0 1
             1113.9867719 1.0000000
      0 1
             369.16234180 1.0000000
      0 1
             121.79275232 1.0000000
      0 1
             48.127114540 1.0000000
      0 1
             20.365074004 1.0000000
      0 1
             8.0883596856 1.0000000
      0 1
             2.5068656570 1.0000000
      0 1
             1.2438537380 1.0000000
      0 1
             0.48449899601 1.0000000
      0 1
             0.19185160296 1.0000000
      1 1
             102.99176249 1.0000000
      1 1
             28.132594009 1.0000000
      1 1
             9.8364318173 1.0000000
      1 1
             3.3490544980 1.0000000
      1 1
             1.4947618613 1.0000000
      1 1
             0.57690108899 1.0000000
      1 1
             0.20320063291 1.0000000
      2 1
             10.594068356 1.0000000
      2 1
             3.5997195366 1.0000000
      2 1
             1.3355691094 1.0000000
      2 1
             0.51949764954 1.0000000
      2 1
             0.19954125200 1.0000000
      3 1
             1.95390000000000000000 1.0000000
      3 1
             .75490000000000000000 1.0000000
      3 1
             .33390000000000000000 1.0000000
      4 1
             1.52490000000000000000 1.0000000
      4 1
             .59090000000000000000 1.0000000
      5 1
             1.11690000000000000000 1.0000000

7 28
      0 1
             1102.8622453 1.0000000
      0 1
             370.98041153 1.0000000
      0 1
             136.73555938 1.0000000
      0 1
             50.755871924 1.0000000
      0 1
             20.535656095 1.0000000
      0 1
             7.8318737184 1.0000000
      0 1
             3.4784063855 1.0000000
      0 1
             1.4552856603 1.0000000
      0 1
             0.63068989071 1.0000000
      0 1
             0.27276596483 1.0000000
      1 1
             93.540954073 1.0000000
      1 1
             29.524019527 1.0000000
      1 1
             10.917502987 1.0000000
      1 1
             4.3449288991 1.0000000
      1 1
             1.8216912640 1.0000000
      1 1
             0.75792424494 1.0000000
      1 1
             0.28241469033 1.0000000
      2 1
             16.419378926 1.0000000
      2 1
             5.0104049385 1.0000000
      2 1
             1.9793971884 1.0000000
      2 1
             0.78495771518 1.0000000
      2 1
             0.28954065963 1.0000000
      3 1
             2.98600000000000000000 1.0000000
      3 1
             1.11700000000000000000 1.0000000
      3 1
             .48400000000000000000 1.0000000
      4 1
             2.17600000000000000000 1.0000000
      4 1
             .83400000000000000000 1.0000000
      5 1
             1.57600000000000000000 1.0000000

8 28
      0 1
             1517.8667506 1.0000000
      0 1
             489.67952008 1.0000000
      0 1
             176.72118665 1.0000000
      0 1
             63.792233137 1.0000000
      0 1
             25.366499130 1.0000000
      0 1
             9.9135491200 1.0000000
      0 1
             4.4645306584 1.0000000
      0 1
             1.8017743661 1.0000000
      0 1
             0.80789710965 1.0000000
      0 1
             0.33864326862 1.0000000
      1 1
             120.16030921 1.0000000
      1 1
             34.409622474 1.0000000
      1 1
             12.581148610 1.0000000
      1 1
             5.0663824249 1.0000000
      1 1
             2.0346927092 1.0000000
      1 1
             0.86092967212 1.0000000
      1 1
             0.36681356726 1.0000000
      2 1
             19.043062805 1.0000000
      2 1
             5.8060381104 1.0000000
      2 1
             2.1891841580 1.0000000
      2 1
             0.87794613558 1.0000000
      2 1
             0.35623646700 1.0000000
      3 1
             3.96585000000000000000 1.0000000
      3 1
             1.49085000000000000000 1.0000000
      3 1
             .63485000000000000000 1.0000000
      4 1
             2.85685000000000000000 1.0000000
      4 1
             1.04985000000000000000 1.0000000
      5 1
             2.03685000000000000000 1.0000000

9 28
      0 1
             1885.0661216 1.0000000
      0 1
             623.75582297 1.0000000
      0 1
             227.92405029 1.0000000
      0 1
             82.184178773 1.0000000
      0 1
             32.628937583 1.0000000
      0 1
             12.783279578 1.0000000
      0 1
             5.6589257943 1.0000000
      0 1
             2.3208306681 1.0000000
      0 1
             1.0191520908 1.0000000
      0 1
             0.42196699118 1.0000000
      1 1
             153.72069768 1.0000000
      1 1
             45.390450866 1.0000000
      1 1
             16.785845772 1.0000000
      1 1
             6.7293857800 1.0000000
      1 1
             2.6694607033 1.0000000
      1 1
             1.1049787101 1.0000000
      1 1
             0.45727703601 1.0000000
      2 1
             24.869685349 1.0000000
      2 1
             7.5554441579 1.0000000
      2 1
             2.8268499237 1.0000000
      2 1
             1.1123341279 1.0000000
      2 1
             0.43877754231 1.0000000
      3 1
             5.25415000000000000000 1.0000000
      3 1
             1.96515000000000000000 1.0000000
      3 1
             .82615000000000000000 1.0000000
      4 1
             3.80215000000000000000 1.0000000
      4 1
             1.38815000000000000000 1.0000000
      5 1
             2.61615000000000000000 1.0000000

$end
